0 479
0 992
0 325
0 591
1 490
1 967
3 464
6 497
6 433
6 49
6 421
6 270
7 296
8 154
8 962
8 220
8 215
9 490
10 673
10 129
11 991
11 499
11 738
12 67
12 624
13 936
13 836
13 71
13 275
14 780
14 422
14 234
14 426
14 926
14 948
15 534
17 894
18 811
18 114
19 94
19 305
19 364
20 847
20 296
21 521
22 314
22 573
23 492
24 700
24 336
24 669
24 511
25 614
25 526
27 256
28 355
28 309
28 569
28 855
29 30
29 993
30 29
32 453
32 483
33 780
33 748
34 301
35 259
35 410
35 659
36 631
37 678
38 939
38 652
38 649
40 362
40 106
40 929
40 914
41 588
42 372
43 687
43 592
43 389
45 663
45 272
45 218
45 620
45 479
46 844
46 985
46 896
46 884
46 928
46 1006
47 739
47 184
47 570
47 982
48 773
48 273
48 199
49 749
49 6
49 788
50 444
51 604
51 438
51 759
52 720
53 468
53 892
54 988
55 569
55 262
55 307
55 643
55 874
57 847
57 103
57 396
59 472
60 507
62 697
62 620
62 198
63 944
63 595
63 94
64 269
64 227
64 952
66 974
66 593
67 1023
67 12
67 655
67 476
67 811
67 237
68 777
69 765
70 959
70 237
71 593
71 536
71 13
72 594
74 498
75 971
75 1013
76 134
76 953
76 754
76 648
76 163
77 606
77 288
78 502
78 320
79 744
80 272
81 726
82 412
83 245
83 151
84 548
84 448
84 918
85 597
85 970
86 664
87 274
88 485
88 764
88 728
88 120
88 838
88 716
89 175
89 432
90 516
90 998
90 420
91 580
91 771
93 122
94 732
94 173
94 592
94 19
94 317
94 63
95 570
96 868
97 546
97 961
97 625
98 740
98 323
99 551
99 543
99 881
100 698
101 913
101 193
102 715
102 153
102 408
103 696
103 57
103 276
104 779
105 856
106 349
106 40
106 593
106 288
107 856
107 148
107 766
108 270
108 492
109 770
109 535
110 511
111 288
111 972
111 837
111 794
111 703
112 879
112 295
112 507
114 805
114 807
114 649
114 18
115 586
116 489
117 408
117 681
118 714
119 937
120 800
120 88
120 522
121 463
121 436
121 839
121 490
122 561
122 553
122 177
122 93
122 567
123 616
123 375
124 852
124 445
124 673
126 533
126 634
126 771
126 644
127 498
127 885
128 622
129 667
129 892
129 10
129 555
130 638
130 294
131 642
131 907
131 233
132 302
134 76
134 158
135 646
135 240
135 978
136 478
139 592
139 712
139 224
140 957
141 819
142 796
143 281
143 932
144 971
144 329
144 328
144 777
145 301
146 185
147 394
148 424
148 107
149 251
149 799
150 419
150 717
150 682
151 603
151 83
153 102
153 612
154 949
154 8
154 735
154 836
155 436
156 881
157 936
157 510
158 989
158 373
158 134
158 605
159 906
159 849
159 284
159 589
160 702
160 957
160 877
161 709
161 994
162 479
162 921
163 921
163 76
163 414
164 682
164 179
164 889
164 723
165 685
166 855
166 476
166 524
167 527
167 862
168 358
169 783
171 988
171 583
171 991
172 743
173 94
174 331
175 446
175 89
176 586
176 846
177 122
179 164
179 733
179 723
180 646
180 183
181 523
183 520
183 180
183 771
183 727
184 47
184 565
185 785
185 146
185 472
187 773
188 788
188 325
188 480
189 882
190 557
191 277
192 919
192 554
193 403
193 678
193 101
193 986
194 509
195 384
195 447
195 444
196 224
196 435
196 521
197 827
197 943
198 62
198 780
199 665
199 48
199 207
200 579
201 453
201 857
201 975
201 333
202 492
203 298
203 689
203 957
204 844
204 1004
205 228
205 334
205 606
206 716
207 272
207 732
207 435
207 199
208 508
208 353
209 511
209 743
210 455
211 766
211 929
212 513
213 769
214 982
215 869
215 368
215 8
216 444
216 401
216 470
217 782
217 792
218 45
218 737
218 781
219 310
219 399
220 8
221 817
221 999
222 861
224 196
224 139
226 866
227 64
227 493
227 391
228 205
228 318
229 324
229 931
230 404
230 829
231 869
231 915
232 612
233 256
233 131
233 973
234 757
234 591
234 14
235 840
235 532
235 765
235 969
236 394
236 517
237 468
237 891
237 67
237 70
240 993
240 779
240 135
241 807
241 842
242 872
242 383
244 549
244 417
245 83
245 305
246 740
246 873
247 592
248 257
249 868
251 149
252 614
252 838
253 442
253 287
253 740
253 394
253 655
254 948
254 892
255 717
255 1005
255 833
256 257
256 233
256 27
257 256
257 992
257 248
257 280
259 433
259 35
259 521
260 520
262 881
262 55
262 638
263 520
264 329
266 991
266 529
267 887
268 721
269 64
269 283
270 108
270 837
270 6
271 297
271 608
272 207
272 45
272 881
272 80
273 48
273 856
274 87
274 564
275 738
275 459
275 902
275 13
276 511
276 103
277 428
277 191
277 433
278 537
278 809
279 783
279 620
280 257
281 143
281 746
282 308
282 312
283 745
283 948
283 269
284 159
287 253
287 752
287 583
288 111
288 77
288 106
290 306
291 975
291 918
291 764
293 718
294 130
295 112
295 323
295 821
295 679
296 7
296 20
297 802
297 271
298 888
298 203
299 960
300 402
301 316
301 34
301 145
302 393
302 132
304 387
305 19
305 245
306 290
307 55
307 836
307 345
308 282
309 28
309 957
309 674
309 922
310 603
310 219
310 794
311 1003
311 553
312 282
313 668
314 22
315 500
315 562
316 301
317 94
317 659
317 373
318 228
318 539
318 876
319 402
319 514
320 78
320 450
321 410
322 375
323 295
323 98
324 229
325 942
325 188
325 0
325 722
327 691
328 144
329 144
329 524
329 264
330 481
331 841
331 477
331 174
331 753
332 608
332 571
333 508
333 766
333 201
334 883
334 205
335 512
335 669
335 361
335 979
336 453
336 24
338 725
339 786
341 494
341 386
343 570
344 478
344 516
345 462
345 307
346 367
346 402
347 951
347 666
348 946
349 753
349 106
349 558
351 490
352 758
353 885
353 208
354 650
354 889
354 408
355 28
355 656
355 573
356 948
356 568
356 910
357 419
357 701
357 577
357 736
358 168
359 969
360 806
361 713
361 952
361 628
361 335
361 838
362 40
363 450
364 471
364 19
364 730
364 631
365 569
367 346
368 779
368 215
369 752
369 427
372 42
373 158
373 317
374 1009
374 410
374 691
375 322
375 123
376 422
376 749
377 681
379 846
379 842
380 754
380 1015
380 385
380 728
381 401
382 864
382 592
382 705
383 242
383 406
384 438
384 195
384 983
385 380
385 570
385 905
385 584
386 341
387 304
388 700
388 862
389 586
389 43
390 914
390 413
390 1021
391 400
391 227
393 302
393 1000
394 527
394 236
394 253
394 147
394 805
396 57
396 762
399 219
400 391
401 381
401 216
401 654
402 1001
402 319
402 300
402 346
403 577
403 717
403 193
403 908
404 731
404 230
404 978
404 625
405 585
405 1002
406 383
407 884
407 431
407 970
408 628
408 117
408 354
408 102
409 562
409 468
410 676
410 844
410 35
410 374
410 321
411 918
412 82
412 1003
413 462
413 970
413 529
413 486
413 709
413 390
414 163
414 1012
415 776
415 479
417 244
419 692
419 686
419 357
419 150
419 530
420 1023
420 492
420 827
420 90
420 675
421 6
422 376
422 14
422 633
423 647
424 148
426 798
426 14
426 521
427 369
428 277
428 891
430 902
431 886
431 563
431 407
432 479
432 89
433 259
433 6
433 557
433 277
434 870
435 207
435 196
436 606
436 121
436 155
436 994
437 999
437 466
438 384
438 505
438 701
438 813
438 51
439 459
440 721
440 495
442 253
442 614
444 216
444 195
444 50
445 124
445 992
446 175
446 1005
447 195
447 768
447 505
448 84
448 495
449 558
450 363
450 769
450 892
450 949
450 320
451 678
452 982
452 522
453 32
453 201
453 336
453 786
453 677
455 681
455 210
455 701
456 493
457 522
457 888
458 857
458 919
459 275
459 439
460 540
460 924
461 684
461 810
462 413
462 985
462 852
462 791
462 345
463 121
464 689
464 3
464 552
465 552
465 764
466 437
467 899
467 960
468 53
468 237
468 409
469 741
470 515
470 216
470 574
471 364
472 59
472 185
473 598
473 603
474 968
475 930
476 536
476 166
476 67
477 331
477 843
478 880
478 843
478 344
478 136
479 0
479 432
479 415
479 162
479 45
480 919
480 188
481 330
483 32
483 998
485 88
485 601
486 413
487 861
487 607
488 596
489 584
489 116
490 351
490 1
490 9
490 121
491 713
491 961
492 202
492 420
492 23
492 814
492 108
493 456
493 596
493 227
493 826
493 905
494 341
495 448
495 440
496 767
497 6
498 74
498 127
499 11
499 877
499 796
500 698
500 315
500 916
500 680
502 78
504 915
505 438
505 447
506 562
507 60
507 112
508 333
508 775
508 208
508 785
509 829
509 902
509 194
509 826
509 545
510 157
511 209
511 276
511 110
511 752
511 979
511 24
512 335
512 959
513 515
513 212
514 319
514 744
515 470
515 610
515 513
516 90
516 344
517 236
518 717
520 263
520 928
520 183
520 260
521 564
521 792
521 21
521 259
521 426
521 196
522 457
522 870
522 452
522 549
522 120
523 181
524 329
524 166
526 25
527 394
527 588
527 167
527 730
527 573
528 538
528 975
529 413
529 266
529 1006
530 419
530 585
530 749
532 235
532 687
532 865
533 126
533 918
534 15
534 662
535 585
535 109
536 691
536 476
536 71
536 690
537 278
538 576
538 528
538 749
539 685
539 318
540 1004
540 460
541 742
542 784
543 99
544 814
544 1016
545 509
546 97
546 657
546 630
548 84
548 690
549 854
549 244
549 522
550 939
551 99
552 464
552 465
553 122
553 311
554 192
555 893
555 594
555 129
556 788
557 674
557 433
557 190
558 827
558 449
558 609
558 784
558 349
560 679
560 711
561 122
562 409
562 506
562 927
562 725
562 935
562 315
562 703
563 431
564 914
564 521
564 274
565 905
565 184
565 999
566 640
566 683
566 858
566 1008
567 643
567 809
567 122
568 723
568 356
569 55
569 725
569 28
569 789
569 365
570 913
570 95
570 963
570 385
570 343
570 47
571 332
572 708
573 355
573 22
573 527
574 868
574 470
575 842
576 538
577 403
577 357
579 807
579 200
580 91
580 613
581 843
582 676
583 171
583 927
583 287
584 489
584 823
584 385
585 535
585 405
585 530
586 389
586 176
586 115
587 632
588 527
588 41
589 839
589 159
590 995
591 909
591 234
591 685
591 0
592 43
592 94
592 959
592 139
592 382
592 247
593 71
593 106
593 66
594 555
594 72
595 63
595 628
596 488
596 493
597 786
597 85
598 473
598 770
599 733
601 485
601 717
603 886
603 310
603 473
603 151
604 51
605 853
605 800
605 670
605 158
606 77
606 436
606 205
607 788
607 783
607 487
608 332
608 663
608 271
609 558
610 640
610 515
611 840
611 728
612 888
612 232
612 153
613 580
614 972
614 252
614 25
614 442
616 123
616 646
616 1013
617 938
620 279
620 62
620 45
622 128
622 803
622 753
623 871
624 798
624 12
625 97
625 404
626 847
626 968
626 676
627 864
628 361
628 408
628 1012
628 595
628 989
630 875
630 546
631 921
631 364
631 871
631 36
632 1000
632 877
632 587
632 725
633 422
633 886
634 761
634 126
635 975
636 970
636 687
638 262
638 130
639 705
639 884
640 610
640 566
640 1010
641 969
641 857
642 131
642 1016
643 567
643 979
643 55
644 126
645 748
646 135
646 616
646 180
647 423
647 912
648 76
649 913
649 38
649 114
650 354
652 38
652 664
652 772
653 942
653 872
654 401
655 67
655 253
656 355
657 546
659 865
659 317
659 35
660 935
661 685
661 953
662 534
662 791
663 45
663 608
663 681
663 961
664 86
664 706
664 652
664 807
664 890
665 712
665 199
666 347
667 129
667 931
668 313
669 335
669 24
670 605
671 993
671 888
673 10
673 124
674 557
674 309
675 1022
675 420
676 410
676 931
676 626
676 582
676 719
676 732
677 453
677 868
678 451
678 37
678 193
679 560
679 295
680 500
680 795
681 377
681 455
681 663
681 117
682 164
682 788
682 150
683 566
684 461
685 661
685 165
685 539
685 591
686 419
686 914
687 43
687 636
687 532
689 464
689 203
690 548
690 966
690 536
691 536
691 374
691 327
692 419
694 911
696 103
697 62
697 840
698 500
698 100
699 871
700 388
700 24
700 906
701 455
701 438
701 824
701 357
702 160
703 869
703 111
703 562
704 941
705 639
705 901
705 382
706 664
707 874
708 572
709 161
709 413
711 560
712 665
712 139
713 361
713 491
714 118
714 949
714 727
715 102
715 754
716 206
716 88
717 984
717 403
717 255
717 518
717 150
717 601
717 955
718 871
718 293
719 676
719 871
719 770
720 781
720 52
721 440
721 901
721 268
722 325
723 568
723 179
723 164
725 569
725 562
725 338
725 632
726 81
726 727
726 787
726 960
727 714
727 726
727 183
728 380
728 848
728 852
728 88
728 611
730 527
730 898
730 364
731 404
732 94
732 758
732 207
732 676
733 179
733 844
733 599
735 154
736 357
737 218
738 275
738 11
738 793
739 47
739 1011
740 98
740 253
740 246
741 469
741 769
741 845
742 541
742 930
743 989
743 172
743 209
743 750
744 79
744 514
744 956
745 283
746 281
747 776
748 33
748 645
749 49
749 376
749 538
749 530
750 743
751 904
752 287
752 369
752 791
752 949
752 511
753 349
753 331
753 622
754 380
754 715
754 76
755 969
756 999
757 234
758 732
758 853
758 905
758 352
759 1016
759 51
760 796
760 1018
761 634
761 778
762 396
764 291
764 88
764 465
765 69
765 235
765 844
766 782
766 211
766 107
766 333
767 828
767 496
767 829
768 447
769 450
769 741
769 213
770 109
770 1020
770 598
770 719
771 91
771 126
771 183
772 652
773 48
773 187
773 1020
775 508
776 747
776 415
777 68
777 144
778 914
778 761
779 368
779 240
779 104
780 869
780 14
780 33
780 198
780 805
781 720
781 999
781 218
782 766
782 217
783 279
783 607
783 169
784 558
784 542
785 907
785 185
785 508
786 597
786 339
786 453
787 726
788 607
788 188
788 682
788 556
788 49
789 569
791 662
791 752
791 462
791 795
792 521
792 217
792 971
792 1013
792 1001
793 738
794 310
794 111
795 680
795 791
796 760
796 499
796 142
798 624
798 839
798 426
799 149
800 605
800 120
802 297
803 622
805 114
805 780
805 394
806 360
807 579
807 241
807 664
807 114
809 278
809 567
809 898
810 864
810 461
811 18
811 67
813 438
814 544
814 492
817 221
818 936
818 924
819 968
819 141
820 922
821 295
823 584
824 701
824 838
826 493
826 509
827 558
827 197
827 420
828 767
829 509
829 230
829 767
833 1011
833 255
836 13
836 919
836 307
836 154
837 845
837 270
837 111
838 824
838 252
838 361
838 88
839 798
839 589
839 121
840 611
840 235
840 697
841 331
841 970
842 575
842 379
842 241
843 477
843 478
843 581
844 46
844 410
844 733
844 204
844 765
845 837
845 741
846 379
846 176
847 20
847 626
847 57
848 976
848 728
849 159
849 875
850 946
852 124
852 462
852 728
853 605
853 758
854 549
855 166
855 1022
855 28
856 107
856 105
856 273
857 201
857 981
857 641
857 458
858 566
859 986
861 222
861 487
861 893
862 167
862 388
864 382
864 810
864 627
865 659
865 1012
865 532
866 908
866 226
867 975
868 574
868 249
868 96
868 677
869 780
869 231
869 988
869 703
869 215
870 887
870 522
870 434
871 699
871 718
871 623
871 631
871 719
872 242
872 653
873 246
874 55
874 707
875 630
875 979
875 849
876 318
877 632
877 499
877 160
879 112
880 478
881 262
881 272
881 156
881 99
882 189
883 334
884 407
884 639
884 46
885 353
885 127
886 603
886 971
886 431
886 633
887 870
887 267
888 298
888 612
888 457
888 671
889 164
889 354
890 980
890 664
891 428
891 237
892 254
892 53
892 450
892 927
892 129
893 555
893 861
894 17
896 46
898 730
898 809
899 467
901 705
901 721
901 904
901 936
902 509
902 275
902 430
904 751
904 901
905 758
905 565
905 385
905 493
906 159
906 700
906 931
907 785
907 131
908 866
908 403
909 591
910 356
911 694
912 647
913 570
913 101
913 649
914 564
914 686
914 778
914 390
914 40
915 504
915 231
916 500
918 533
918 291
918 411
918 84
919 836
919 480
919 192
919 458
921 631
921 163
921 162
922 309
922 820
923 975
924 970
924 460
924 818
926 14
927 562
927 583
927 892
928 520
928 46
929 211
929 40
930 742
930 475
931 676
931 667
931 906
931 229
932 143
935 660
935 562
936 157
936 13
936 901
936 818
937 119
938 617
939 38
939 550
941 704
942 325
942 653
943 197
944 63
946 985
946 980
946 348
946 850
948 254
948 283
948 356
948 14
949 154
949 714
949 960
949 752
949 450
951 347
952 361
952 64
953 76
953 661
953 956
955 717
956 953
956 744
957 309
957 140
957 160
957 203
957 991
959 512
959 592
959 70
960 299
960 467
960 949
960 726
961 97
961 491
961 663
962 8
963 570
966 690
967 986
967 1
968 474
968 819
968 626
969 641
969 359
969 235
969 755
970 413
970 924
970 85
970 636
970 407
970 841
971 144
971 75
971 886
971 792
972 111
972 614
973 233
974 66
975 291
975 201
975 635
975 867
975 528
975 923
976 848
978 404
978 135
979 875
979 643
979 335
979 511
980 946
980 890
981 997
981 857
982 214
982 452
982 47
983 384
984 717
985 946
985 462
985 46
986 859
986 967
986 193
987 1014
988 171
988 869
988 54
989 158
989 743
989 628
991 11
991 266
991 171
991 957
992 0
992 445
992 257
993 240
993 671
993 29
994 161
994 436
995 590
997 981
998 90
998 483
999 437
999 781
999 756
999 565
999 221
1000 632
1000 393
1001 402
1001 792
1002 405
1003 412
1003 311
1004 540
1004 204
1005 446
1005 255
1006 529
1006 46
1008 566
1009 374
1010 640
1011 739
1011 833
1012 628
1012 865
1012 414
1013 75
1013 616
1013 792
1014 987
1015 380
1016 544
1016 759
1016 642
1018 760
1020 770
1020 773
1021 390
1022 855
1022 675
1023 67
1023 420