0 1
2 0
2 1
3 0
3 1
3 2
4 0
4 1
4 2
5 1
5 4
6 4
7 2
7 4
8 6
9 2
9 4
9 7
10 1
10 4
11 1
11 9
11 10
12 4
12 11
13 2
14 6
15 3
16 2
17 10
18 16
18 1
19 10
20 3
20 9
21 18
22 10
23 2
23 6
24 1
24 20
24 4
25 2
25 3
25 20
26 1
26 10
27 0
27 9
27 10
28 0
28 18
28 12
29 3
30 2
30 24
31 1
31 8
31 10
32 2
32 24
33 16
33 0
34 32
34 4
35 24
36 8
36 28
37 6
38 20
38 12
39 1
40 16
41 28
42 32
42 10
42 28
43 38
44 0
44 6
44 9
45 10
46 0
46 25
46 12
47 1
48 4
49 32
49 45
50 24
51 6
51 10
51 13
52 24
53 24
54 3
54 10
55 7
55 24
55 27
56 9
56 30
56 46
57 10
58 2
58 20
58 12
59 51
59 10
59 12
60 0
60 1
60 12
61 24
62 28
63 21
64 24
65 0
65 24
65 27
66 2
66 51
67 20
67 60
68 10
68 60
69 64
69 60
69 63
70 69
71 6
71 27
71 46
72 4
72 24
72 46
73 12
74 6
74 24
74 15
75 52
75 56
75 31
76 3
76 7
77 75
78 51
78 11
78 14
79 65
79 25
80 6
80 55
80 28
81 2
81 20
81 56
82 10
83 0
84 24
85 81
85 18
86 11
87 59
88 68
88 21
89 4
89 12
89 79
90 6
90 10
91 27
91 29
92 1
92 51
92 12
93 24
94 25
95 16
95 3
96 69
97 72
98 4
98 24
99 34
99 45
100 38
101 99
102 25
102 9
103 21
104 42
104 76
105 64
105 91
106 46
107 32
107 83
107 59
108 73
108 28
109 50
109 27
110 7
110 44
111 100
111 10
111 75
112 69
112 7
112 63
113 9
114 112
114 65
115 20
115 27
115 28
116 7
116 60
117 0
118 1
119 38
120 64
120 51
120 6
121 65
121 2
121 27
122 1
122 46
123 7
123 8
123 40
124 0
124 50
124 20
125 83
126 67
126 55
126 107
127 7
128 107
129 100
129 56
129 62
130 66
130 2
130 12
131 16
131 121
131 77
132 10
133 46
134 89
134 126
135 0
135 24
135 41
136 10
137 108
138 1
139 51
140 9
141 99
141 56
141 79
142 111
143 122
144 65
144 1
144 132
145 100
145 12
146 3
147 65
147 72
147 12
148 55
148 121
148 60
149 1
149 129
149 86
150 47
151 2
151 110
151 111
152 145
152 10
153 0
154 38
154 24
155 24
155 121
156 121
157 0
157 10
157 95
158 3
158 94
159 145
159 8
160 48
160 69
161 76
162 114
162 24
163 2
163 41
163 10
164 56
164 154
165 151
165 47
166 24
166 156
166 109
167 33
167 3
167 69
168 98
168 86
168 135
169 149
170 121
170 60
170 95
171 12
172 21
172 25
172 45
173 6
173 172
174 98
175 129
175 138
175 108
176 121
176 170
177 64
178 55
178 72
179 65
179 120
180 48
180 6
180 15
181 32
181 56
182 72
182 10
183 165
183 10
184 136
184 123
185 16
186 154
187 145
188 181
188 25
189 2
189 56
189 11
190 1
190 50
190 102
191 6
191 39
192 51
192 10
193 109
194 164
194 172
195 11
196 25
197 2
197 18
197 190
198 115
198 60
199 96
199 9
199 138
200 66
200 24
201 145
202 59
202 172
202 60
203 131
203 180
203 90
204 1
204 54
205 9
205 62
206 93
207 4
207 138
207 28
208 67
208 182
208 56
209 6
209 24
210 4
210 56
210 10
211 30
212 85
212 168
213 165
214 27
215 81
215 138
216 210
216 196
216 120
217 2
218 149
218 12
219 197
219 24
220 150
220 137
220 12
221 2
222 209
222 131
222 25
223 0
223 24
223 10
224 148
224 10
225 1
226 37
226 155
226 77
227 0
228 25
228 30
229 32
229 148
230 114
230 210
230 10
231 51
231 220
231 175
232 32
232 228
232 124
233 149
234 32
235 65
235 35
235 126
236 199
237 229
238 65
238 2
238 4
239 66
239 197
239 75
240 2
240 115
241 232
242 100
242 10
243 151
243 111
244 109
245 179
245 115
246 11
246 155
247 56
248 8
248 232
249 126
250 56
250 189
251 148
251 27
252 184
252 46
252 126
253 56
253 155
253 92
254 112
254 20
254 23
255 96
255 4
255 25
256 96
256 232
256 9
257 51
257 184
258 72
259 96
259 0
259 175
260 32
261 160
261 150
262 3
262 7
262 236
263 1
263 120
264 65
265 145
266 232
266 138
267 208
267 67
267 20
268 3
268 252
268 239
269 2
270 0
270 255
270 79
271 81
271 59
272 176
272 109
272 190
273 101
273 56
273 138
274 32
274 28
275 1
275 258
275 121
276 96
276 88
276 10
277 38
277 55
277 57
278 4
279 158
279 238
280 199
280 27
281 216
281 11
281 126
282 3
283 114
283 4
284 59
284 109
285 108
285 29
285 143
286 180
287 32
287 28
288 4
288 76
289 280
289 40
289 137
290 1
291 8
292 20
292 41
292 170
293 239
294 113
295 150
296 184
297 102
297 24
297 175
298 261
298 184
298 222
299 232
300 199
300 203
301 10
302 236
302 173
303 164
304 81
304 18
304 58
305 262
305 126
305 14
306 75
307 304
307 261
307 10
308 164
308 102
308 24
309 38
309 102
310 126
311 159
312 80
312 1
312 4
313 67
313 284
313 190
314 114
314 20
314 52
315 128
315 289
316 50
316 7
316 188
317 121
317 186
317 111
318 305
318 189
319 145
319 281
320 66
320 318
321 1
321 33
321 69
322 1
322 222
322 15
323 96
323 67
323 175
324 231
324 218
325 273
326 202
327 43
328 33
328 25
329 304
329 1
330 1
330 51
331 16
332 150
333 189
333 253
334 32
334 226
334 138
335 100
335 154
336 100
337 50
337 111
337 31
338 164
338 10
339 120
340 165
340 89
341 51
341 109
341 78
342 312
342 138
342 92
343 258
343 20
343 190
344 305
345 81
345 2
345 11
346 9
346 217
346 253
347 6
347 55
347 238
348 304
348 77
349 96
349 89
349 282
350 0
351 164
351 301
352 337
352 167
353 212
353 92
354 3
354 157
355 22
355 231
356 258
356 10
357 145
358 312
358 251
359 345
360 45
361 352
361 137
362 270
363 212
363 120
364 20
364 10
364 27
365 60
365 255
366 276
367 45
367 238
368 358
368 60
368 334
369 144
369 42
369 76
370 0
370 260
370 232
371 288
371 330
372 8
373 257
373 131
373 42
374 170
375 1
375 345
376 199
376 74
376 125
377 292
377 342
378 159
379 65
380 69
380 152
381 66
381 115
381 138
382 51
382 69
383 208
383 149
383 25
384 149
384 121
385 248
386 273
387 305
387 90
388 1
389 92
390 279
391 164
392 2
393 384
393 164
393 10
394 360
395 252
396 131
397 2
398 382
399 0
399 148
399 157
400 2
400 231
401 80
401 231
401 12
402 16
402 66
403 27
404 198
404 270
405 1
405 150
405 75
406 312
406 27
406 285
407 24
408 33
408 126
409 145
409 33
409 4
410 148
410 108
411 20
411 10
411 268
412 46
413 260
413 71
414 109
414 399
415 240
415 6
415 153
416 160
416 32
416 51
417 276
417 215
417 10
418 226
418 51
418 277
419 304
419 177
419 66
420 252
420 205
421 199
422 160
422 78
422 207
423 56
424 195
425 406
426 0
426 338
426 323
427 147
427 265
427 364
428 77
429 131
429 332
430 131
430 76
430 45
431 57
431 111
432 410
433 28
434 281
435 387
435 56
436 12
437 16
437 28
438 114
438 207
439 2
439 10
440 321
441 0
441 20
441 24
442 245
443 3
443 181
443 24
444 255
445 364
445 188
446 163
446 222
447 25
448 121
448 9
449 232
449 12
450 74
451 2
451 3
451 190
452 217
452 109
452 13
453 81
454 24
454 25
455 91
455 78
455 351
456 218
456 158
457 38
457 7
458 41
458 89
458 12
459 2
460 259
461 37
461 345
461 121
462 280
462 364
463 240
464 301
464 190
465 80
465 192
465 259
466 173
467 342
468 180
469 263
469 8
470 298
470 27
471 4
471 316
471 30
472 85
472 74
472 109
473 27
473 76
474 69
474 364
475 148
475 343
476 196
477 8
478 58
478 91
479 135
480 199
481 134
482 256
482 51
482 11
483 305
483 12
483 92
484 426
484 28
485 273
485 312
485 27
486 201
486 475
486 300
487 305
488 268
489 419
489 364
490 151
491 113
491 441
492 112
492 145
493 24
494 288
494 455
495 342
495 41
495 330
496 24
496 204
497 4
497 184
497 283
498 272
498 259
499 4
499 24
499 204
500 89
501 80
501 305
501 381
502 120
502 190
503 404
503 138
503 30
504 499
504 10
504 219
505 266
506 0
506 80
506 120
507 300
508 131
509 10
509 283
510 7
510 10
511 506
512 190
512 319
513 81
513 2
513 63
514 77
515 38
515 190
516 152
516 239
517 4
517 20
518 52
519 40
519 415
520 273
520 507
521 66
521 238
522 259
522 24
522 13
523 148
523 12
524 30
525 197
525 85
525 222
526 234
526 334
527 235
527 124
528 512
528 372
529 274
529 9
530 382
530 255
531 96
531 3
532 176
532 258
533 65
533 138
534 8
535 49
535 338
535 40
536 16
537 145
537 25
538 33
538 149
538 172
539 528
540 289
540 531
541 170
542 51
542 20
542 308
543 65
543 439
544 422
544 360
544 441
545 18
545 345
546 8
546 138
546 143
547 30
548 16
548 496
548 175
549 278
550 371
550 24
551 120
552 80
552 137
552 28
553 2
553 170
553 175
554 78
555 69
555 12
556 51
557 57
557 255
557 287
558 448
558 407
558 333
559 15
560 32
560 100
560 124
561 308
562 337
563 499
563 71
563 331
564 273
564 6
564 168
565 318
566 323
566 504
567 51
567 52
568 178
568 245
569 9
569 10
569 478
570 271
571 24
571 217
571 238
572 546
572 474
572 10
573 163
573 525
574 354
575 66
575 10
576 32
576 85
576 9
577 255
578 195
578 164
578 149
579 80
579 212
579 148
580 8
581 145
581 22
581 63
582 364
582 159
583 51
583 69
583 571
584 240
584 499
584 25
585 449
586 25
586 330
587 586
587 108
588 238
589 3
589 227
589 25
590 38
591 232
591 251
591 414
592 12
593 160
593 590
594 314
594 397
594 30
595 20
595 235
596 12
596 111
597 482
598 273
598 24
599 417
599 35
599 485
600 499
600 248
601 145
601 27
601 572
602 322
602 10
603 338
603 4
603 134
604 302
605 129
605 223
606 133
606 474
606 318
607 410
608 9
608 42
609 0
609 328
609 10
610 89
611 594
611 210
612 447
613 503
613 11
614 194
614 59
615 410
616 384
616 392
616 555
617 99
618 130
619 322
619 172
620 152
620 57
620 410
621 75
622 18
623 120
623 92
623 285
624 16
625 1
625 121
626 386
626 91
626 190
627 595
627 149
628 0
629 469
629 6
630 465
630 51
630 10
631 4
631 342
631 222
632 12
632 316
633 65
633 4
633 399
634 276
634 183
634 174
635 405
636 416
636 92
637 509
638 1
638 56
639 144
640 186
640 253
641 164
641 430
641 527
642 16
642 4
643 279
643 328
644 81
644 148
644 414
645 249
645 58
645 332
646 410
647 440
648 22
648 582
648 474
649 10
650 387
650 532
650 151
651 567
651 396
652 0
652 382
653 16
653 80
653 397
654 409
655 11
655 190
656 239
657 135
658 1
658 197
658 149
659 371
659 151
660 114
660 571
660 572
661 417
662 469
663 119
663 172
664 16
665 371
665 619
665 12
666 646
667 4
668 308
669 180
669 223
670 448
670 264
670 204
671 126
672 3
673 44
673 141
673 175
674 247
674 25
674 235
675 67
675 4
675 287
676 75
677 157
678 500
678 28
679 20
679 7
679 75
680 347
681 305
681 311
682 149
682 31
683 1
683 190
684 6
684 7
685 680
685 168
686 658
686 604
687 419
687 525
688 554
688 667
689 300
689 318
690 201
691 386
692 2
693 105
693 47
694 4
694 10
695 144
696 197
696 559
697 544
697 666
698 240
698 168
698 446
699 305
699 41
699 173
700 672
700 138
700 316
701 81
701 18
701 301
702 273
702 405
703 66
704 0
704 248
704 552
705 120
705 218
706 150
707 20
708 270
709 8
710 150
710 281
711 57
711 367
711 31
712 656
712 342
713 7
713 683
714 1
714 311
714 616
715 384
715 24
716 24
717 122
717 383
718 321
718 101
718 6
719 261
720 10
720 586
720 381
721 297
722 281
722 123
723 48
723 9
723 110
724 532
725 430
726 496
726 454
726 185
727 38
728 131
728 69
728 335
729 445
730 307
730 24
730 11
731 138
731 666
732 382
733 720
733 280
734 506
734 459
734 108
735 418
735 131
735 397
736 165
736 440
737 129
737 20
738 160
739 503
740 131
740 10
741 333
742 177
742 45
743 51
743 110
744 131
745 514
746 1
746 427
746 46
747 430
748 409
748 334
749 197
749 78
749 31
750 409
750 59
751 16
751 316
752 248
752 220
752 316
753 707
753 702
754 144
755 0
756 10
757 503
757 25
758 347
759 404
759 10
760 148
761 121
762 126
763 1
763 370
763 373
764 579
765 65
765 66
765 25
766 0
766 342
766 525
767 261
767 75
768 67
768 469
768 271
769 633
769 570
769 143
770 261
771 81
771 629
771 159
772 0
772 305
773 230
774 120
774 89
775 10
776 77
777 417
777 362
778 230
779 90
779 190
780 2
780 217
780 766
781 81
781 7
781 109
782 210
782 138
783 190
783 430
784 37
784 474
785 384
785 57
786 160
786 579
787 7
787 27
788 1
788 10
789 630
789 679
789 15
790 7
790 11
791 4
791 30
792 538
792 331
792 109
793 619
794 112
794 6
794 10
795 66
795 27
795 78
796 89
796 28
797 7
797 10
797 493
798 693
798 648
799 80
799 272
799 307
800 384
800 171
800 255
801 21
802 129
802 138
802 316
803 448
803 170
803 45
804 32
804 1
804 27
805 452
805 165
806 55
806 27
807 624
807 307
807 605
808 400
809 641
810 753
810 20
810 57
811 81
811 33
811 347
812 9
812 44
813 160
813 8
813 76
814 171
815 543
816 83
816 533
817 334
818 280
818 157
819 779
819 349
819 399
820 93
821 224
822 627
823 305
823 740
823 523
824 9
824 621
824 30
825 32
825 83
825 324
826 602
827 274
827 148
828 4
829 0
829 223
830 80
831 180
831 347
831 11
832 400
832 1
832 7
833 404
834 165
835 81
836 304
837 164
837 308
837 45
838 454
838 311
838 431
839 823
839 557
840 1
840 564
840 268
841 720
841 380
841 175
842 111
843 7
843 8
843 10
844 322
844 27
844 28
845 645
845 796
846 114
846 6
846 379
847 72
847 218
848 615
849 12
849 13
849 831
850 728
850 120
851 292
852 93
852 270
852 239
853 16
854 690
854 517
854 281
855 564
855 28
856 6
856 797
857 148
857 308
857 815
858 16
858 4
858 763
859 120
859 493
860 786
861 0
861 305
861 40
862 430
863 677
863 101
863 7
864 282
865 737
865 20
865 91
866 33
866 370
866 197
867 16
867 41
867 410
868 839
869 332
870 459
870 765
871 38
871 328
871 175
872 1
872 357
872 315
873 69
873 381
873 431
874 276
874 8
874 797
875 33
875 557
875 190
876 343
876 173
877 720
878 512
878 217
878 267
879 802
879 220
880 382
881 591
882 328
882 121
883 715
884 515
884 410
885 41
886 251
887 1
887 163
887 7
888 11
889 180
889 76
889 126
890 8
890 10
890 159
891 160
891 24
892 720
892 9
892 220
893 352
893 150
893 268
894 371
894 345
894 430
895 841
895 138
895 175
896 772
896 7
897 765
898 49
898 308
898 27
899 3
899 292
899 55
900 28
901 240
901 287
902 22
902 230
902 765
903 114
904 157
905 20
905 797
905 29
906 673
906 95
907 30
908 65
908 666
909 24
909 699
909 95
910 460
911 545
911 120
912 823
912 59
913 794
913 318
914 454
914 412
914 670
915 776
916 593
916 4
916 812
917 587
918 224
919 217
920 32
920 210
921 276
921 517
922 852
922 105
923 364
924 711
924 330
924 190
925 281
926 300
926 653
927 261
928 328
928 270
929 594
929 210
929 28
930 771
930 137
931 168
932 83
932 281
933 435
933 579
933 158
934 19
934 231
934 223
935 567
935 61
936 368
936 4
936 108
937 17
937 201
937 316
938 4
938 375
938 767
939 385
940 50
940 170
941 352
942 272
942 568
942 939
943 343
944 766
944 191
945 184
945 153
945 107
946 172
947 757
947 280
948 528
948 449
948 115
949 593
949 25
949 331
950 49
950 197
951 144
951 593
951 270
952 145
952 74
953 6
954 434
954 770
954 51
955 17
955 14
956 483
956 76
957 184
957 56
957 461
958 368
958 913
959 80
959 273
960 416
960 650
960 332
961 32
961 18
962 154
962 12
963 641
963 170
963 138
964 173
965 663
965 107
966 416
966 714
967 141
968 767
969 1
969 349
970 1
971 640
971 465
971 170
972 8
972 10
973 410
973 493
974 71
975 567
975 108
976 24
976 120
976 570
977 334
978 80
978 841
979 549
979 598
980 0
980 319
981 579
981 702
981 15
982 311
982 60
983 176
984 774
984 89
985 4
985 318
985 334
986 474
986 107
986 222
987 4
987 25
987 431
988 109
989 112
989 24
990 80
990 10
990 442
991 20
991 332
991 190
992 222
993 25
993 138
994 1
994 18
995 240
995 2
995 154
996 108
996 734
997 1
997 138
998 76
999 888
1000 3
1000 164
1000 311
1001 593
1001 259
1001 173
1002 426
1002 109
1003 871
1003 78
1004 226
1004 42
1004 238
1005 4
1006 888
1006 362
1006 699
1007 251
1008 419
1008 220
1009 121
1010 544
1010 24
1011 32
1011 294
1011 936
1012 98
1012 148
1012 796
1013 940
1014 888
1015 197
1015 12
1016 26
1017 769
1017 10
1018 10
1019 432
1019 957
1020 672
1020 20
1020 138
1021 107
1022 114
1022 230
1023 164
1023 24
1023 553
