0 1
2 0
2 1
3 0
3 1
3 2
4 0
4 1
4 2
4 3
5 1
5 2
6 0
7 1
7 4
8 2
8 3
9 0
9 4
9 5
9 8
10 1
11 2
11 4
12 4
12 7
13 1
14 1
14 7
15 8
16 2
17 2
18 2
18 7
18 11
19 1
19 7
20 5
20 7
20 8
21 0
21 11
22 0
22 4
23 16
23 2
23 19
23 4
24 0
24 19
24 4
24 14
25 7
25 24
26 0
26 3
26 23
26 12
27 1
27 7
28 1
28 9
29 1
29 26
30 1
30 2
30 23
30 7
31 6
32 5
33 2
33 7
33 26
34 1
34 7
34 29
35 1
35 20
36 33
36 4
36 7
37 34
37 27
38 33
38 36
38 7
39 32
39 26
39 14
39 15
40 0
40 1
40 2
40 3
41 0
41 18
41 5
42 1
42 4
42 40
43 23
44 2
45 4
45 41
45 9
46 2
46 4
47 1
47 2
47 11
48 2
48 23
49 13
49 30
50 23
50 13
50 47
51 4
51 5
52 32
52 51
53 38
53 23
53 7
54 0
54 23
54 10
55 18
55 14
56 1
56 5
56 29
57 4
57 23
58 16
59 16
59 7
59 27
59 46
60 19
60 4
60 40
60 14
61 2
61 11
62 4
62 36
62 7
62 23
63 2
63 7
64 32
64 18
64 4
64 55
65 0
65 20
65 42
66 55
66 41
66 11
67 32
68 2
68 5
68 7
68 29
69 0
69 5
69 8
70 67
70 68
70 23
70 14
71 34
71 41
72 49
72 21
72 38
72 30
73 67
73 27
73 45
74 67
74 4
74 5
74 38
75 0
75 28
75 30
76 33
76 34
76 28
76 60
77 11
78 39
78 10
79 33
79 74
79 42
79 11
80 42
81 1
81 25
82 66
83 18
83 4
83 7
83 41
84 38
85 1
85 83
85 70
85 26
86 78
86 47
87 64
87 2
87 67
87 36
88 33
88 4
88 28
89 2
89 36
89 23
89 45
90 34
90 23
90 7
91 81
92 33
92 4
92 7
93 90
94 33
94 42
94 47
95 50
95 41
96 1
96 7
96 13
97 87
97 23
98 2
99 0
100 38
100 39
100 62
101 0
101 11
101 59
102 45
103 32
103 34
103 42
104 49
104 7
104 41
105 9
106 1
106 19
106 23
107 2
107 100
107 23
107 42
108 4
109 2
109 4
109 70
109 27
110 1
110 40
110 9
110 60
111 87
112 2
113 33
113 27
114 68
115 54
116 5
117 40
117 57
118 83
119 64
119 83
120 36
120 7
120 42
121 66
121 41
122 42
123 83
124 1
124 4
125 0
126 16
126 62
127 38
128 17
128 4
128 107
129 32
129 18
129 2
129 77
130 17
130 4
130 24
130 90
131 0
131 64
131 65
131 26
132 3
133 32
133 124
133 29
134 7
134 41
135 64
136 40
137 0
138 83
138 27
139 4
139 39
139 23
139 94
140 32
140 17
141 100
141 4
142 138
143 83
143 62
144 38
144 11
145 1
145 119
145 88
145 62
146 3
146 72
146 25
147 0
147 2
147 131
147 3
148 1
148 61
149 2
149 3
149 44
150 70
150 42
151 96
151 4
151 142
151 14
152 85
152 27
153 41
153 107
154 88
155 128
155 1
155 70
155 30
156 148
156 133
156 27
157 115
158 1
158 34
158 76
158 15
159 128
160 16
160 50
160 40
161 38
162 2
163 146
164 4
164 38
164 104
165 23
165 72
165 59
165 126
166 19
166 3
166 4
166 7
167 100
167 165
167 9
168 128
168 8
168 76
168 13
169 2
169 7
170 32
171 33
171 17
171 66
171 122
172 7
173 20
173 60
174 37
175 64
175 85
175 44
176 34
176 22
176 23
177 6
177 73
178 0
178 61
178 30
178 95
179 137
180 23
181 87
181 39
181 124
182 44
183 64
184 1
184 166
184 124
184 30
185 1
185 71
186 4
186 7
187 83
187 52
188 156
188 60
188 61
189 96
189 104
189 9
189 11
190 1
190 40
191 50
191 69
191 76
192 38
193 4
193 23
193 42
193 27
194 177
194 193
194 4
195 50
195 41
195 156
195 30
196 54
197 68
197 104
198 2
198 40
198 26
199 171
200 4
201 196
201 11
201 30
202 1
202 40
202 27
202 126
203 189
204 33
204 2
204 40
205 168
205 137
205 11
206 55
207 49
207 35
208 195
208 137
208 94
208 110
209 69
209 87
209 123
210 0
210 100
210 42
210 29
211 103
211 23
212 20
212 117
212 76
213 26
213 123
213 124
214 85
214 40
215 4
215 23
216 32
216 7
216 104
216 13
217 11
217 188
218 22
218 135
219 2
219 52
219 59
220 120
220 59
220 76
221 1
221 115
221 90
221 59
222 41
222 29
222 126
223 19
223 150
223 54
223 23
224 2
224 101
224 7
224 72
225 64
225 100
225 27
226 128
226 3
226 38
227 211
227 171
228 23
228 28
229 1
229 49
229 50
229 22
230 65
230 19
230 169
231 147
232 1
232 11
232 14
233 1
233 3
233 26
233 27
234 5
234 25
235 4
236 128
236 23
236 231
236 120
237 211
238 208
238 18
238 26
238 155
239 147
239 39
239 137
240 29
241 0
241 64
241 83
241 4
242 2
242 131
243 18
243 5
244 64
244 5
245 3
245 38
245 168
245 28
246 224
246 168
247 68
247 217
247 26
248 0
248 67
248 55
249 128
250 2
250 34
251 2
251 171
251 29
252 40
252 41
252 42
253 50
253 86
253 40
253 251
254 216
254 60
255 131
255 165
256 126
257 208
258 2
258 5
258 41
258 14
259 6
260 256
260 242
260 42
260 189
261 147
261 4
261 137
262 185
262 15
263 34
263 4
264 17
264 25
265 225
265 133
265 201
266 256
266 16
266 129
266 49
267 241
267 7
267 29
267 15
268 83
269 128
269 2
269 107
270 242
270 231
270 235
270 236
271 14
271 254
272 97
273 49
273 19
274 16
274 3
274 23
274 87
275 58
275 59
276 76
277 147
277 260
277 60
278 211
278 11
279 144
279 1
279 126
280 4
281 7
282 1
282 165
282 205
283 160
283 102
284 39
284 187
285 1
286 65
286 76
287 90
288 2
289 260
290 0
290 187
290 30
291 161
291 4
291 13
292 261
292 38
292 62
293 2
294 32
294 69
294 26
294 45
295 1
295 68
295 85
295 23
296 150
296 27
297 221
298 81
298 1
298 26
298 92
299 215
299 152
299 76
300 33
300 211
301 164
301 24
301 90
302 32
302 267
303 23
304 258
305 81
306 49
306 5
306 222
307 225
307 269
307 253
308 57
309 70
309 295
309 155
310 279
310 271
310 47
311 4
312 198
312 230
313 83
313 67
313 27
314 0
314 100
314 54
314 74
315 309
315 166
315 24
315 9
316 202
317 2
317 5
318 81
318 169
318 26
319 155
319 221
320 5
321 148
321 126
322 201
323 50
323 19
323 260
323 110
324 85
324 184
324 14
325 42
325 253
325 174
325 318
326 161
326 226
326 216
326 123
327 117
327 54
328 32
328 2
329 4
329 5
329 23
329 14
330 0
330 45
331 325
331 156
332 289
332 19
332 215
332 284
333 26
334 208
334 306
334 231
334 75
335 76
335 126
336 54
337 114
337 51
338 145
338 1
339 103
339 8
339 239
340 29
341 29
342 64
342 68
342 7
343 128
343 193
343 23
344 96
344 21
344 123
344 30
345 64
345 3
345 24
345 238
346 103
346 74
347 96
347 224
347 83
347 278
348 210
348 34
348 19
349 131
349 323
349 295
349 111
350 19
350 38
350 42
351 11
352 32
352 38
353 89
353 44
354 0
354 4
354 76
354 62
355 337
355 86
355 151
355 251
356 66
356 211
356 269
357 0
357 2
357 260
357 40
358 22
358 184
358 110
358 271
359 284
359 271
360 262
360 247
360 76
361 292
361 231
361 201
362 1
362 39
362 23
362 236
363 195
363 107
364 1
364 2
364 26
365 133
365 236
365 62
366 165
366 168
366 104
367 2
367 120
367 24
368 86
369 0
369 85
369 314
369 346
370 167
370 156
370 46
370 30
371 2
372 2
372 235
372 28
372 270
373 147
373 107
374 212
374 90
374 124
375 9
375 14
376 198
376 110
377 110
378 83
378 169
378 221
379 59
380 64
380 0
380 178
380 60
381 292
381 202
381 11
381 14
382 18
382 68
382 25
383 30
384 23
385 1
385 28
385 61
386 195
386 379
386 60
387 1
387 87
388 272
388 271
389 2
389 167
389 24
389 334
390 224
390 52
390 4
390 282
391 0
391 68
391 155
391 75
392 325
392 173
393 70
393 29
394 288
394 324
394 41
394 282
395 7
395 41
395 202
396 121
396 298
396 28
396 253
397 1
397 5
397 62
398 145
398 4
398 105
399 215
400 319
401 4
401 95
402 54
403 41
403 73
403 236
404 284
404 204
404 253
404 271
405 198
405 90
405 107
405 124
406 60
406 109
406 15
407 147
407 201
408 386
408 5
408 234
408 11
409 62
410 1
410 390
410 251
410 332
411 161
411 39
411 171
411 14
412 245
412 55
412 104
412 219
413 4
413 349
414 7
414 24
415 85
415 38
415 315
415 269
416 372
417 179
417 69
417 360
417 46
418 208
418 1
418 152
418 191
419 4
419 72
419 59
419 30
420 193
420 306
420 307
421 16
421 152
421 123
421 62
422 81
422 4
422 42
423 277
423 233
423 236
424 342
424 8
424 110
425 20
426 33
427 38
428 3
428 42
428 186
428 187
429 5
429 156
429 15
430 2
430 4
430 373
430 398
431 39
432 40
433 369
433 29
434 160
434 374
434 168
434 271
435 83
436 1
436 4
437 145
437 2
437 277
437 22
438 19
438 5
438 295
439 356
439 254
440 19
441 18
441 216
441 59
442 64
442 147
442 202
443 151
443 120
443 107
443 236
444 160
444 322
444 90
444 395
445 83
445 23
446 23
447 176
447 40
447 412
448 29
449 247
449 75
449 11
450 398
450 447
451 1
451 295
451 282
452 163
453 354
453 19
454 128
454 242
454 303
455 32
455 164
456 164
456 201
456 107
457 198
457 7
458 261
458 422
458 42
459 4
459 245
460 120
460 443
460 60
461 103
461 24
461 351
462 1
462 8
462 30
463 310
463 55
464 354
464 148
464 7
465 64
465 165
466 7
466 72
466 126
467 375
467 155
468 49
468 38
469 149
469 45
469 110
470 23
470 456
470 271
471 178
472 356
472 11
473 372
474 438
474 167
474 152
474 238
475 1
475 33
475 307
475 253
476 146
476 93
477 78
478 4
478 23
478 363
478 302
479 2
479 4
479 105
480 427
481 54
481 271
482 6
482 191
483 457
484 0
484 169
484 411
485 325
485 311
486 325
486 73
486 13
486 14
487 228
488 193
488 452
489 4
489 69
489 422
490 273
490 39
490 60
490 398
491 146
491 202
491 76
491 478
492 390
492 71
492 11
493 325
493 214
493 40
493 138
494 176
494 20
494 398
495 197
495 88
496 178
496 130
496 155
497 299
498 2
498 356
498 201
498 94
499 240
499 2
499 27
500 101
500 57
500 76
500 30
501 1
501 420
501 13
501 62
502 469
503 66
503 36
503 301
504 2
504 213
504 107
505 137
505 62
506 163
506 260
506 329
507 353
507 40
507 26
507 236
508 23
508 72
508 154
508 29
509 407
509 7
510 33
510 103
510 189
510 445
511 470
512 4
512 7
512 29
513 468
513 103
513 312
514 416
514 372
514 440
515 299
515 283
515 397
515 30
516 2
517 236
517 333
518 38
518 201
518 42
519 2
519 126
520 60
520 302
521 321
521 514
521 36
521 14
522 67
522 5
522 59
522 191
523 486
523 92
523 237
523 158
524 380
525 45
526 27
527 129
527 2
528 57
529 390
529 236
529 109
530 486
531 96
531 147
531 10
532 38
533 62
533 94
534 81
534 23
534 335
535 1
535 487
536 529
536 270
537 96
538 0
538 13
539 292
540 2
540 164
540 309
540 430
541 33
541 4
541 165
542 46
543 86
543 521
543 26
543 27
544 17
544 266
545 0
545 522
545 11
545 414
546 18
546 403
546 120
547 38
547 398
547 14
548 128
548 64
548 374
549 423
549 44
550 383
551 164
551 282
551 94
552 28
553 211
553 278
553 366
554 35
555 289
555 54
555 184
556 2
556 83
556 261
556 202
557 178
557 7
557 236
557 269
558 500
558 212
559 449
559 50
559 38
559 105
560 176
560 0
560 11
561 23
561 103
561 63
562 4
562 87
562 269
563 490
563 284
564 288
565 421
565 232
565 8
565 201
566 23
567 384
567 258
567 25
568 100
568 54
568 126
569 156
569 254
569 398
570 40
571 23
571 313
571 254
571 302
572 96
572 256
572 55
572 284
573 1
573 434
573 436
573 9
574 37
575 335
576 193
576 466
576 18
576 191
577 270
578 337
578 323
578 39
578 14
579 1
579 2
580 403
581 177
582 18
582 342
582 109
583 235
584 211
584 14
585 195
585 4
585 11
586 193
586 354
586 166
586 251
587 32
587 304
587 22
588 1
588 354
588 2
589 474
590 145
590 215
590 40
591 240
591 83
591 407
591 268
592 83
592 189
592 525
593 0
593 168
593 425
593 317
594 0
594 4
594 38
595 46
596 2
596 178
596 60
596 221
597 181
597 7
597 154
598 284
599 33
600 38
601 210
601 15
602 357
602 39
603 273
603 353
603 425
604 434
604 351
605 576
605 131
605 44
606 443
606 123
607 146
607 325
607 415
608 357
608 568
609 2
609 11
609 254
610 307
610 262
610 70
610 270
611 2
611 195
611 60
611 47
612 341
613 115
614 529
614 270
615 357
615 23
615 8
615 345
616 38
617 129
618 32
618 372
618 84
618 510
619 78
620 211
620 14
621 137
621 9
621 524
621 78
622 198
623 374
623 59
624 437
624 607
625 263
625 312
625 329
625 169
626 356
627 19
627 7
627 219
628 67
628 148
628 334
629 226
629 2
629 614
629 575
630 260
630 39
631 70
631 168
631 269
632 176
632 277
632 261
632 40
633 169
634 498
634 3
634 566
634 11
635 267
635 492
635 524
636 215
636 24
636 219
637 434
637 443
638 325
638 29
639 171
640 23
640 74
641 51
641 620
641 430
642 167
642 136
642 236
643 1
643 309
643 7
644 152
644 585
644 169
644 60
645 1
646 34
646 534
647 81
648 198
648 412
648 414
649 5
649 553
650 11
651 4
651 411
651 495
652 33
652 2
652 279
652 649
653 36
653 40
653 205
653 591
654 1
655 194
655 226
655 85
655 174
656 16
656 396
657 147
657 59
658 35
658 27
658 13
659 3
659 4
659 486
659 317
660 87
660 632
661 149
662 241
662 2
662 5
662 219
663 262
663 374
663 344
663 11
664 561
664 25
664 317
665 640
666 33
666 535
666 349
667 32
667 1
667 241
668 101
668 568
668 187
669 225
669 195
669 663
670 576
670 4
670 105
671 103
671 269
672 436
672 23
672 75
672 139
673 32
673 386
674 420
674 485
674 490
675 211
675 24
675 106
676 551
676 442
677 5
677 453
678 1
678 667
679 326
679 23
679 87
679 26
680 4
680 54
680 103
681 81
682 486
682 7
682 24
682 169
683 386
683 282
683 95
684 23
684 334
684 351
685 27
686 631
687 4
687 55
687 11
687 94
688 1
688 202
688 284
688 575
689 386
689 46
690 195
690 36
691 32
691 17
691 197
691 24
692 0
693 178
693 355
693 70
693 30
694 32
694 314
695 153
696 34
696 306
696 525
697 128
698 34
698 631
698 29
699 417
699 4
699 38
699 653
700 23
700 313
701 124
701 47
702 2
702 76
702 62
703 55
703 410
703 284
703 572
704 209
704 443
705 64
705 386
705 435
705 59
706 146
706 36
706 191
707 438
707 343
707 55
707 601
708 2
708 642
708 693
708 520
709 0
709 23
709 572
710 444
711 27
711 655
712 0
712 149
712 378
712 107
713 1
713 201
713 122
714 98
714 100
714 644
715 294
715 55
716 147
716 23
716 680
717 407
717 283
717 173
717 14
718 153
718 393
718 14
719 23
719 11
720 55
720 219
721 404
721 39
721 107
721 670
722 247
723 2
723 90
724 85
724 70
724 569
725 1
725 653
726 2
726 139
726 15
727 42
728 690
728 45
729 145
729 218
729 236
730 151
730 215
731 0
731 23
731 8
731 219
732 284
733 98
733 46
734 2
734 167
734 489
734 60
735 224
735 504
736 1
736 538
737 449
738 4
739 531
739 4
739 653
740 503
740 167
740 408
740 204
741 518
742 4
743 128
743 2
743 707
743 42
744 32
744 684
745 474
746 72
746 41
747 8
747 472
748 23
749 294
749 631
749 23
750 561
750 70
750 105
750 682
751 4
751 87
752 167
752 74
752 29
753 246
753 186
753 462
754 119
754 407
754 62
755 164
756 163
756 365
757 51
757 69
757 42
757 47
758 2
758 211
758 548
758 395
759 663
760 615
760 314
761 34
761 7
762 289
762 452
762 6
762 60
763 16
763 1
764 59
765 85
765 23
766 241
766 211
766 173
766 687
767 53
767 156
767 527
768 326
768 415
769 1
769 437
769 326
769 29
770 586
771 183
772 653
773 708
774 128
774 161
774 283
775 338
775 40
775 568
776 32
776 667
777 534
777 621
778 65
778 84
778 378
779 32
779 342
779 270
780 1
780 14
781 38
781 526
781 622
781 14
782 306
782 39
783 9
783 699
783 653
784 711
784 23
784 59
784 15
785 124
786 32
786 517
787 194
787 469
788 689
788 210
788 412
788 318
789 34
790 561
791 3
792 390
792 156
792 254
793 376
794 22
794 168
794 682
795 0
795 691
795 585
796 416
796 422
796 28
797 33
797 226
797 18
797 453
798 24
799 617
800 204
801 361
801 540
801 45
801 174
802 146
802 354
802 211
802 40
803 289
803 36
803 602
804 180
804 517
804 394
805 16
805 645
805 22
806 244
806 421
806 213
806 168
807 193
807 796
807 109
808 1
808 392
808 396
808 735
809 635
809 107
809 796
809 269
810 11
810 571
810 331
810 124
811 2
811 258
811 252
811 30
812 59
812 781
813 578
814 411
815 11
816 792
816 139
817 20
817 366
818 4
819 83
819 707
819 585
820 14
821 69
821 165
822 386
822 7
823 725
823 42
824 597
824 205
824 510
825 800
825 454
825 635
826 2
826 18
826 260
827 69
827 205
828 758
828 454
829 5
829 663
829 376
829 40
830 193
830 38
831 517
831 24
831 811
831 188
832 258
832 90
832 59
833 75
833 285
834 211
835 691
835 94
836 2
836 103
836 42
836 124
837 784
837 38
837 507
838 800
838 506
838 107
839 417
839 181
839 295
840 97
841 55
842 263
842 23
843 38
843 648
843 60
844 176
844 642
844 411
845 731
846 3
846 456
846 124
846 829
847 247
847 184
847 269
848 455
848 71
848 11
849 66
849 148
849 73
849 830
850 259
850 212
850 7
850 26
851 561
851 212
852 34
853 261
854 380
855 208
855 115
855 839
855 845
856 565
856 693
856 667
857 87
857 187
858 608
858 164
858 24
858 825
859 833
859 120
860 742
860 760
861 292
862 422
862 29
863 7
864 32
865 49
865 39
865 56
865 92
866 34
866 809
867 0
867 2
867 60
868 253
869 593
869 13
870 823
871 4
871 185
871 26
872 617
872 44
872 239
873 128
873 613
873 166
873 137
874 49
875 578
875 555
875 701
876 337
876 107
876 507
877 602
878 23
879 32
879 664
879 169
880 17
880 2
880 708
881 209
881 36
881 105
881 42
882 417
882 282
883 145
883 137
883 521
884 820
884 278
884 9
885 465
885 9
885 763
886 1
886 663
886 604
886 15
887 321
887 824
888 70
888 621
888 846
889 38
890 642
890 19
890 662
890 105
891 5
892 226
892 83
892 724
892 13
893 1
893 129
893 662
893 263
894 597
894 250
894 30
895 60
896 32
896 394
896 27
897 160
897 827
897 270
897 62
898 358
899 256
899 198
900 274
900 515
900 871
901 641
901 886
901 23
901 90
902 739
903 204
904 2
904 87
904 169
905 691
905 325
905 395
906 161
906 114
907 208
908 2
908 5
908 613
909 417
909 5
909 28
910 18
910 173
910 14
911 32
911 453
911 349
911 302
912 81
912 36
912 663
912 553
913 196
913 807
913 843
914 40
914 890
915 576
915 17
915 22
915 280
916 251
917 83
917 117
918 518
918 375
918 475
919 17
919 9
919 45
920 5
920 412
921 241
921 897
922 737
922 85
922 60
923 0
923 17
923 40
923 27
924 32
924 1
924 485
924 187
925 527
926 149
926 167
927 7
927 137
928 0
928 1
928 412
928 191
929 1
929 36
929 152
930 667
930 877
931 1
931 2
931 774
931 15
932 805
933 18
933 229
933 11
934 455
934 792
934 605
935 32
935 2
935 596
935 29
936 306
936 9
936 89
936 79
937 194
937 23
937 378
938 560
938 784
938 356
938 597
939 529
939 645
939 421
940 224
941 662
942 930
942 712
942 236
942 349
943 161
943 563
943 27
943 236
944 147
944 29
945 744
945 410
945 171
946 867
946 548
946 185
947 241
947 70
947 873
947 367
948 1
948 613
948 760
948 110
949 0
949 274
949 202
949 347
950 152
950 266
950 527
951 462
952 948
953 458
954 3
954 390
954 27
954 63
955 138
955 332
955 61
956 386
956 282
957 225
957 306
957 23
957 206
958 1
958 807
959 388
959 778
959 29
959 14
960 649
960 187
961 806
961 23
961 684
961 271
962 610
963 97
963 645
963 216
963 60
964 848
964 1
964 509
965 38
966 2
966 258
966 642
966 248
967 470
967 937
967 317
968 9
968 667
969 789
969 412
970 455
970 375
970 11
971 49
971 4
971 93
971 414
972 41
973 128
973 7
974 851
974 907
974 14
975 529
976 2
976 517
977 11
978 893
979 256
979 516
979 255
980 24
980 59
981 149
981 171
982 36
982 266
983 453
983 302
983 495
984 1
985 721
985 164
986 466
986 187
987 74
987 911
988 277
988 973
988 318
989 912
989 19
989 100
990 106
991 976
991 642
991 649
992 128
993 357
993 875
994 388
994 268
995 225
995 274
996 258
996 534
996 103
996 59
997 450
997 296
997 75
997 670
998 291
998 7
998 248
998 362
999 457
1000 712
1000 456
1000 330
1001 2
1001 4
1001 14
1002 64
1002 164
1003 177
1003 211
1003 604
1003 364
1004 354
1004 680
1004 573
1004 271
1005 512
1005 505
1005 377
1005 825
1006 23
1007 274
1007 261
1007 469
1007 26
1008 386
1008 420
1008 41
1009 5
1010 226
1010 73
1011 836
1011 42
1011 1002
1011 445
1012 51
1012 851
1012 437
1012 653
1013 236
1013 653
1014 128
1014 1010
1014 24
1015 146
1016 201
1017 784
1017 1
1018 36
1018 85
1018 152
1018 747
1019 32
1019 769
1019 788
1019 12
1020 651
1020 349
1021 462
1022 66
1023 743
1023 168
