0 1
2 0
2 1
3 0
3 1
3 2
4 0
4 1
4 2
4 3
5 1
5 2
5 3
5 4
6 5
7 0
7 1
7 5
8 0
8 1
8 2
8 3
8 4
8 7
9 0
9 1
9 2
9 5
10 0
10 4
10 8
11 1
12 0
12 1
12 2
12 4
13 4
13 5
14 0
14 1
14 2
14 3
14 8
14 12
15 1
15 2
15 3
15 5
15 8
15 12
16 11
17 1
18 1
18 3
18 11
19 1
19 18
19 5
19 7
19 8
20 1
20 2
20 8
20 12
20 14
21 0
21 2
21 3
21 20
21 14
22 1
22 4
22 21
22 5
22 12
22 15
23 4
24 3
24 21
24 5
24 10
24 15
25 0
25 24
25 14
26 1
26 5
26 21
26 7
26 8
27 21
27 25
28 1
28 3
28 4
29 1
30 26
31 0
31 1
31 4
31 5
31 24
32 1
32 5
32 25
32 12
32 15
33 2
33 4
33 24
34 2
34 18
34 8
34 31
35 1
35 2
35 8
36 19
36 3
37 2
37 21
37 8
37 25
37 12
37 15
38 19
39 14
40 0
40 5
41 36
41 4
41 8
41 25
41 10
41 15
42 0
42 1
42 26
42 12
42 15
43 2
44 4
44 5
44 21
44 6
44 23
45 33
45 25
45 27
46 0
46 4
46 20
46 43
46 14
47 0
48 20
48 40
48 8
49 3
49 5
49 21
49 22
49 7
49 46
50 2
50 7
50 12
51 0
51 1
51 5
51 8
51 12
51 31
52 14
53 34
53 50
53 5
53 8
53 11
54 0
54 21
54 24
54 26
54 43
54 15
55 34
55 4
55 44
56 0
56 49
56 2
56 54
56 8
56 12
57 33
57 35
57 53
57 21
57 9
57 14
58 1
58 18
58 3
58 28
59 8
60 4
61 4
61 37
61 7
61 14
61 15
62 0
62 18
62 37
63 33
63 21
63 7
64 4
64 5
64 40
64 26
65 58
66 18
66 21
67 3
67 4
68 2
68 4
68 21
68 8
68 57
69 64
69 18
69 54
70 1
71 32
71 4
71 8
71 14
71 31
72 0
72 1
72 4
72 21
72 61
72 62
73 7
73 57
73 10
73 31
74 8
75 12
76 33
76 1
76 20
76 8
76 45
77 0
77 2
78 16
78 2
78 35
78 31
78 15
79 2
79 20
79 4
79 57
80 34
80 44
80 12
81 0
81 1
81 71
81 15
82 19
82 63
83 0
83 4
83 12
84 1
84 22
84 56
85 8
85 26
85 42
85 79
86 64
86 3
86 24
86 10
86 45
87 48
87 37
87 62
87 63
88 33
88 7
88 26
88 10
89 0
89 65
89 4
89 24
89 14
90 1
90 2
91 34
91 35
91 7
91 8
91 57
92 0
92 1
92 20
92 89
92 12
92 14
93 33
93 22
94 64
94 2
94 91
95 83
95 3
95 24
95 77
96 3
96 36
96 7
96 90
96 14
96 63
97 51
97 5
97 21
97 89
98 2
98 5
98 54
98 73
99 0
99 33
99 4
99 5
99 7
100 32
100 89
100 15
101 5
102 81
102 41
102 12
103 73
103 29
104 2
104 19
104 3
104 5
104 21
104 31
105 97
105 37
106 4
106 36
106 5
106 21
106 57
106 28
107 65
107 56
108 1
108 7
108 12
108 14
109 34
109 2
109 52
109 7
109 27
109 63
110 4
110 42
111 32
111 58
112 10
112 79
113 32
113 2
113 106
114 64
114 0
114 4
114 45
114 109
115 40
115 57
116 5
116 71
116 40
116 57
116 9
117 0
117 34
117 68
117 21
117 8
117 41
118 106
119 81
119 2
119 21
119 56
119 8
119 12
120 33
120 14
121 62
122 100
122 7
122 46
123 109
124 54
124 41
124 31
125 8
125 122
125 15
126 87
127 64
127 56
127 24
127 26
128 8
128 122
128 12
129 92
129 46
130 92
131 116
131 22
131 119
131 62
131 79
132 35
132 100
133 2
133 4
133 6
133 7
133 87
133 41
134 3
134 68
134 118
134 7
134 8
134 14
135 57
136 20
136 117
136 8
136 25
136 58
136 61
137 5
137 7
137 40
138 66
138 86
138 62
139 133
139 55
139 89
139 92
140 85
140 107
140 14
140 78
140 94
141 114
141 121
141 27
141 43
141 12
141 109
142 96
142 89
143 41
144 84
144 5
144 8
145 18
145 68
145 21
145 7
145 14
145 46
146 32
146 3
146 36
146 20
146 53
146 45
147 0
147 2
147 37
147 5
147 106
148 116
148 104
148 26
148 92
149 0
149 48
149 21
149 108
149 78
150 54
150 57
150 61
150 15
151 45
152 145
152 65
152 25
152 107
153 4
153 5
154 81
154 2
154 67
155 134
155 119
155 95
156 86
156 30
157 0
157 54
157 41
157 139
157 108
157 15
158 33
158 1
159 2
159 50
159 19
159 133
160 18
160 134
160 7
160 41
160 122
160 95
161 81
161 136
161 46
162 157
162 158
163 72
163 141
164 160
165 64
165 89
165 46
165 159
166 48
166 81
166 2
166 8
166 122
166 76
167 165
167 71
167 89
167 157
168 22
169 2
169 130
169 84
169 157
170 67
170 24
170 92
171 19
171 168
171 57
171 42
171 62
171 127
172 4
172 42
172 27
173 34
173 24
173 141
174 9
174 15
175 1
175 4
176 99
176 73
177 18
178 33
178 130
178 71
178 26
178 31
179 102
180 2
180 3
180 25
180 156
180 62
181 147
182 0
182 98
182 50
182 3
182 38
182 47
183 163
183 5
184 2
184 152
185 33
185 68
185 56
185 57
185 28
185 14
186 56
187 68
188 0
188 4
188 8
189 161
189 19
189 37
190 71
190 8
190 15
190 127
191 128
191 1
191 113
191 56
191 109
191 157
192 148
192 85
192 150
192 106
192 92
192 44
193 110
193 14
194 147
194 122
194 44
194 14
195 84
195 20
195 5
195 56
195 127
195 15
196 190
197 54
197 104
197 172
198 4
199 0
200 192
200 2
200 163
200 117
200 14
200 15
201 21
201 185
201 127
202 113
202 1
202 195
202 4
203 4
203 15
204 125
205 20
205 8
205 140
205 12
205 157
206 46
207 199
207 169
207 189
208 18
208 82
208 37
208 56
208 12
208 46
209 35
209 56
209 89
209 28
209 142
209 78
210 96
210 48
210 1
211 56
212 100
212 45
212 14
212 95
213 96
213 51
213 117
213 88
214 192
214 209
214 3
214 133
214 14
214 15
215 20
215 37
215 104
216 99
216 148
216 159
217 113
217 37
217 5
218 1
218 2
218 68
219 41
220 25
221 84
221 21
221 56
222 76
223 130
223 116
223 87
223 7
223 109
223 174
224 7
225 49
226 7
226 109
227 137
228 145
228 122
229 130
229 197
229 25
229 108
230 4
230 212
230 120
230 124
230 142
231 160
231 146
231 200
231 13
231 127
232 208
232 7
232 9
233 18
233 2
233 117
233 121
233 89
233 79
234 0
234 78
235 1
235 19
235 76
236 1
236 165
236 25
236 12
237 127
238 32
238 64
238 146
238 37
238 69
238 62
239 80
239 116
239 21
239 134
239 7
239 56
240 127
241 3
241 21
241 200
241 234
242 183
242 233
242 26
242 158
243 21
243 24
244 133
245 27
245 223
246 160
246 231
246 40
247 0
247 2
247 239
248 24
248 158
248 78
249 170
250 209
250 99
251 20
251 149
251 127
252 208
252 53
252 54
252 89
252 204
252 12
253 96
254 1
254 225
254 205
255 96
255 20
256 144
256 2
256 85
256 167
256 89
257 99
257 20
257 27
257 252
257 15
257 159
258 49
258 2
258 5
258 136
258 157
259 242
259 98
259 99
259 171
259 204
259 62
260 4
261 67
261 5
261 217
261 26
261 60
262 119
263 96
263 197
263 106
263 27
264 213
264 104
264 207
265 20
265 106
265 171
265 236
265 15
266 225
266 166
266 43
267 145
267 66
268 1
268 2
268 69
269 33
269 50
269 28
269 141
269 127
269 15
270 35
270 100
270 4
270 20
270 155
270 14
271 96
271 22
271 157
272 208
272 51
273 22
273 56
273 57
273 42
273 31
274 241
274 5
274 235
274 12
275 1
275 99
276 35
276 215
276 154
276 139
277 48
277 84
277 7
277 200
277 79
278 97
278 258
278 21
278 104
278 107
279 215
280 3
280 5
281 3
281 41
281 185
282 68
282 21
282 8
283 0
283 204
283 172
284 257
284 209
284 99
284 20
284 40
284 8
285 114
285 250
285 12
286 133
287 20
287 12
287 157
287 15
288 3
288 165
288 150
288 7
288 171
289 0
289 68
289 5
289 111
290 2
290 67
290 119
290 12
290 172
290 93
291 18
291 117
291 54
291 271
292 18
292 165
292 139
293 56
294 241
294 1
294 146
294 15
295 8
295 14
295 31
296 157
296 191
297 64
297 161
297 1
297 35
297 25
297 73
298 273
298 145
298 98
298 185
299 273
299 209
299 18
299 215
299 94
300 37
300 297
300 15
301 64
302 34
302 2
302 57
302 265
302 157
303 49
303 1
303 165
303 41
304 246
304 255
305 30
305 15
306 4
306 102
306 87
306 9
306 89
307 0
307 290
307 11
307 172
307 158
307 14
308 37
308 134
308 119
308 232
308 89
308 12
309 21
309 9
309 254
310 53
311 99
311 22
311 173
312 1
312 83
312 84
312 229
312 56
312 44
313 64
313 1
313 51
313 83
314 274
314 233
314 79
315 272
315 2
315 211
315 70
316 4
316 20
316 21
316 120
316 89
316 302
317 161
317 1
317 51
317 200
317 217
317 127
318 81
318 6
318 7
318 297
318 79
319 33
319 274
319 3
320 2
320 4
320 233
320 89
320 299
321 200
321 106
322 4
322 106
323 134
323 231
324 257
324 1
324 296
324 24
324 89
324 316
325 0
325 212
325 5
325 254
326 128
326 241
326 290
326 19
326 297
326 28
327 176
327 209
327 212
327 84
328 192
328 5
328 109
328 14
329 81
329 274
330 269
331 4
332 306
332 259
333 150
333 233
333 204
333 125
334 307
334 101
334 296
334 253
335 145
335 305
335 147
335 119
336 151
337 6
337 319
338 35
338 117
338 92
339 134
339 327
339 92
339 316
340 2
340 119
340 183
341 2
341 20
341 7
341 201
342 84
342 53
342 7
343 33
343 2
343 126
343 14
344 43
344 92
344 285
344 269
345 0
345 83
345 252
345 284
345 127
346 1
346 2
346 4
347 48
347 20
347 89
348 209
348 119
348 316
348 319
349 223
350 294
350 200
350 185
350 46
351 68
351 151
351 119
351 12
351 140
352 145
352 1
352 215
352 185
353 36
353 61
353 189
353 14
354 33
355 5
355 346
355 171
355 140
355 316
355 77
356 305
356 324
357 208
357 5
357 7
357 73
357 233
358 304
358 57
358 299
358 191
359 304
359 142
360 133
360 109
361 102
362 160
362 290
362 46
362 14
363 0
363 49
363 217
363 185
363 223
364 21
364 40
364 88
364 250
364 174
365 33
365 2
365 184
365 223
366 27
366 61
366 190
367 42
367 62
368 1
368 35
368 214
368 252
368 142
369 288
369 98
369 294
369 185
369 14
370 53
370 342
370 8
370 122
371 134
372 96
372 1
372 7
372 157
372 317
373 209
373 20
373 4
373 133
373 11
374 2
374 227
374 147
374 116
374 56
374 159
375 192
375 197
375 72
375 250
375 27
376 80
376 20
376 183
376 232
376 56
377 16
377 134
377 204
377 95
378 209
378 19
378 73
378 61
379 116
380 171
381 369
381 283
381 363
382 99
382 51
382 21
382 168
382 89
382 31
383 307
383 39
384 368
384 71
384 185
384 364
384 189
384 127
385 225
385 2
385 9
386 64
386 49
386 142
387 64
387 386
387 8
387 203
387 14
388 220
389 194
389 136
389 270
390 2
390 350
391 335
392 19
392 339
392 131
393 288
393 56
393 108
394 209
394 211
394 363
394 79
395 37
396 80
396 18
396 8
396 201
396 317
396 78
397 97
397 305
398 369
398 2
398 389
399 50
400 208
401 8
401 255
402 0
403 5
403 248
403 202
403 142
404 37
404 108
404 109
405 272
405 2
405 180
405 104
405 316
406 296
407 326
407 374
407 9
407 57
408 133
408 24
408 250
408 235
409 274
409 183
409 239
410 0
411 20
411 245
411 119
411 152
411 12
412 27
413 261
413 393
413 396
413 269
413 382
414 305
414 3
414 72
414 396
414 45
414 15
415 337
415 1
415 133
415 296
415 204
416 209
416 4
416 157
416 127
417 288
417 4
417 117
417 249
417 190
418 166
418 55
418 40
418 92
419 341
419 21
419 22
419 58
419 108
420 42
420 284
421 418
422 51
422 117
422 5
423 117
423 92
423 62
424 19
424 167
424 40
424 122
424 411
424 223
425 51
425 7
425 26
425 299
425 109
425 15
426 383
427 231
427 153
428 257
428 4
428 20
428 217
428 138
428 190
429 97
429 131
429 37
429 85
429 261
430 50
430 2
430 5
430 26
430 413
430 255
431 65
431 297
431 92
432 288
432 89
433 384
433 19
433 313
433 138
434 14
435 291
435 264
435 185
435 253
436 366
437 4
438 297
438 204
439 2
439 390
439 120
439 41
439 217
440 15
441 98
441 41
441 191
442 32
442 0
442 37
442 25
442 140
443 48
443 0
443 145
443 7
443 40
444 32
444 5
444 37
444 136
444 62
444 127
445 200
445 107
446 84
446 8
446 41
446 299
447 97
447 259
447 229
447 183
447 56
447 319
448 341
448 415
449 8
449 43
450 21
450 250
450 205
451 4
451 84
451 374
452 0
453 146
453 53
453 310
453 201
453 444
453 13
454 64
454 369
454 1
454 405
454 182
455 0
455 49
456 128
456 185
456 205
456 46
457 160
457 1
457 290
457 133
458 307
458 372
458 117
458 89
458 109
458 382
459 0
459 19
459 14
460 4
460 233
460 137
461 192
461 3
461 68
461 262
461 42
461 205
462 292
463 425
464 80
464 10
464 62
464 255
465 209
465 83
465 360
465 120
465 141
466 5
466 94
467 22
467 91
467 283
467 44
467 61
468 416
468 1
468 293
468 56
468 152
468 414
469 81
469 5
469 297
470 4
470 8
471 449
471 213
471 41
471 171
471 157
471 205
472 208
472 326
472 314
472 28
472 15
473 195
474 32
474 357
475 25
475 281
475 31
476 116
476 87
476 73
476 26
477 54
477 71
477 170
477 42
477 235
477 94
478 369
478 444
478 398
479 84
479 283
479 109
479 125
479 414
480 2
480 453
480 169
480 348
480 461
481 4
481 8
481 202
481 107
481 396
481 172
482 453
482 140
482 28
483 352
483 180
483 45
484 362
484 413
484 62
484 110
485 19
485 45
486 192
486 212
486 85
486 125
487 481
487 449
487 7
487 78
488 2
488 30
489 323
489 4
489 229
489 21
489 139
489 155
490 205
491 3
491 4
491 185
491 218
492 92
493 246
493 95
494 321
494 92
494 317
494 95
495 0
495 176
495 306
495 133
495 69
495 169
496 182
497 400
497 199
497 344
498 341
498 397
498 79
499 209
499 305
499 146
499 119
499 78
500 480
500 353
500 453
500 263
500 27
501 113
501 131
501 7
501 45
501 351
501 63
502 377
502 282
502 204
502 319
503 51
503 141
504 208
504 261
504 122
505 120
506 312
506 46
506 15
507 1
507 34
507 43
507 109
508 1
508 146
508 4
508 84
508 42
508 95
509 241
509 466
509 195
509 117
509 407
510 324
510 71
510 263
510 296
511 261
511 26
512 50
512 37
513 134
513 42
514 2
514 60
515 305
515 374
515 72
515 360
515 233
515 76
516 483
516 117
516 250
516 46
517 44
518 372
518 58
518 42
518 411
518 302
519 2
519 277
519 117
519 297
519 282
520 15
521 453
521 69
521 389
521 214
522 453
522 104
522 43
523 4
524 453
524 377
524 12
524 302
525 120
525 461
526 141
526 461
526 303
527 48
527 468
527 15
528 274
528 214
528 57
528 430
529 209
529 92
529 319
530 37
530 25
530 413
530 479
531 131
532 133
533 242
533 133
533 41
533 284
533 141
534 32
534 33
534 514
534 4
534 311
535 194
535 19
535 83
535 405
535 37
535 44
536 4
536 197
536 440
537 417
537 360
537 364
537 429
537 31
538 64
538 133
538 392
538 169
539 64
539 27
539 172
539 317
539 77
540 146
540 420
540 133
540 167
540 169
540 380
541 341
541 56
541 217
541 26
541 141
542 114
542 18
542 67
542 308
542 20
542 191
543 528
543 147
543 5
543 104
543 395
544 2
544 467
544 87
544 121
544 141
545 96
545 424
545 57
545 282
545 43
545 415
546 160
546 325
546 172
546 461
546 79
546 159
547 325
547 233
547 91
548 192
548 7
548 314
549 1
549 354
549 290
549 373
550 512
550 210
550 51
550 57
550 9
551 33
551 4
551 133
551 460
551 157
552 137
552 169
553 100
553 133
553 229
553 73
553 461
554 550
554 349
554 254
555 453
556 2
556 178
556 373
556 507
556 396
556 430
557 25
557 171
557 109
557 77
557 287
558 98
558 51
558 134
558 92
558 46
559 36
559 26
559 362
559 12
560 49
560 314
561 192
561 1
561 278
561 7
561 235
561 172
562 51
562 519
562 40
562 13
563 7
564 56
564 424
564 92
564 477
565 147
565 182
565 283
565 27
566 20
566 453
566 14
567 529
567 194
567 405
567 325
567 136
567 509
568 1
568 2
568 228
568 152
569 2
569 461
570 96
570 312
570 106
570 461
571 25
571 60
572 32
572 285
572 30
572 223
573 146
573 2
573 246
573 395
573 429
573 78
574 51
575 5
576 273
576 51
576 99
576 21
577 20
577 454
577 46
578 338
578 21
578 439
578 77
578 302
579 1
579 69
579 245
580 2
580 268
580 461
580 413
580 333
580 157
581 400
581 230
581 92
582 1
582 436
582 133
582 348
582 397
582 446
583 0
583 197
583 346
583 45
584 544
584 323
584 180
584 407
584 439
584 25
585 480
585 241
585 4
586 120
586 27
586 15
587 5
587 411
587 397
587 14
588 16
588 193
588 309
588 425
588 585
588 15
589 84
589 567
589 56
590 528
590 368
590 417
590 37
591 20
591 70
591 104
592 12
593 0
593 418
593 292
593 413
593 238
594 196
594 68
594 458
594 79
595 360
595 104
595 93
596 89
596 141
597 521
597 28
597 47
598 430
599 167
599 109
600 9
601 91
602 227
603 384
603 183
603 43
603 78
604 408
604 140
604 12
604 28
604 364
604 157
605 0
605 113
605 246
605 136
605 265
605 413
606 65
606 21
606 172
607 310
608 448
608 134
608 183
609 64
609 50
609 243
609 182
609 316
609 366
610 42
611 146
611 180
611 4
612 161
612 51
612 4
612 582
612 350
613 2
614 97
614 1
614 482
614 71
614 28
614 157
615 89
616 320
616 21
616 7
616 589
616 95
616 239
617 403
617 99
617 21
617 101
618 593
618 377
618 110
619 146
619 4
619 21
619 285
620 148
620 427
621 113
621 282
621 10
621 222
622 292
622 69
622 8
622 316
623 84
623 150
623 392
623 140
623 365
623 302
624 24
624 13
625 417
625 515
625 166
625 567
625 347
626 528
626 292
626 230
627 6
627 201
628 5
628 295
628 172
628 364
628 509
629 0
629 467
629 4
629 87
629 249
629 297
630 307
630 404
630 314
630 157
631 305
631 545
632 0
632 51
633 178
633 265
633 43
634 213
634 24
634 568
635 136
635 142
636 152
636 58
636 202
637 1
637 51
638 604
638 141
639 225
639 530
639 423
639 87
639 489
639 302
640 32
640 231
640 551
640 24
640 351
641 238
642 99
642 308
642 548
642 122
642 156
642 46
643 594
643 166
643 232
643 8
643 158
643 15
644 2
644 57
645 112
645 2
645 117
645 78
645 319
646 567
647 435
647 84
647 457
647 14
648 32
648 579
648 7
648 439
649 2
649 37
649 335
650 34
650 205
651 592
651 242
651 211
651 389
651 7
651 364
652 274
652 2
652 4
652 617
652 12
652 44
653 49
653 417
653 41
654 635
654 507
654 46
655 2
655 548
655 550
655 472
655 234
655 204
656 450
656 12
657 528
658 288
658 326
658 616
658 424
659 0
659 308
659 5
659 347
659 652
660 596
660 420
660 85
660 263
660 185
660 220
661 417
661 530
661 20
661 319
662 128
662 51
662 117
662 169
662 570
662 461
663 200
664 3
664 158
665 341
665 5
665 361
665 41
665 541
665 477
666 0
666 652
666 556
666 541
666 157
666 558
667 64
667 208
667 583
667 296
667 11
668 297
668 89
668 79
669 285
670 3
670 282
670 12
670 191
671 1
671 501
671 425
671 14
671 30
672 593
672 649
672 154
673 179
673 548
673 668
673 28
673 238
674 593
674 204
675 272
675 1
675 2
675 650
676 642
676 51
676 21
676 12
677 420
677 141
677 205
678 99
678 20
678 296
678 141
679 1
679 18
679 357
679 566
679 107
679 411
680 561
680 2
680 546
680 7
680 392
680 157
681 0
681 372
681 21
681 92
682 572
682 509
683 21
684 448
684 215
684 72
684 40
684 553
684 379
685 145
685 51
685 312
685 57
686 335
687 3
687 411
687 141
687 221
687 109
688 1
688 648
688 185
688 202
688 61
688 557
689 57
690 2
690 269
691 97
691 25
692 50
692 114
692 371
692 21
693 214
693 125
693 238
694 32
694 348
695 18
695 537
695 188
696 673
696 146
696 9
696 154
696 283
696 157
697 640
697 468
697 133
697 190
698 5
698 294
698 573
698 319
699 98
699 19
699 407
699 311
699 459
700 218
701 288
701 20
701 141
702 66
702 259
702 120
702 157
703 1
703 22
704 32
705 210
705 628
705 5
705 151
705 12
705 30
706 400
706 308
706 117
706 89
706 202
707 145
707 33
707 82
707 83
707 468
707 173
708 65
708 18
708 358
708 215
708 30
708 159
709 556
710 64
710 609
710 291
710 583
710 284
710 495
711 31
712 2
712 277
712 518
712 312
713 257
713 146
713 580
713 478
714 530
714 312
714 318
715 241
715 113
715 1
715 5
715 519
715 319
716 1
716 653
717 212
717 308
717 25
717 44
717 14
718 155
718 539
718 413
719 180
719 294
719 535
719 378
719 140
720 274
720 501
721 155
722 468
723 81
723 41
724 146
724 119
724 620
725 129
725 2
726 4
726 7
726 25
726 57
726 269
726 351
727 8
727 89
727 554
727 652
727 12
728 464
728 232
729 595
729 195
729 20
729 662
729 119
730 21
730 374
730 27
730 302
731 703
732 676
732 326
732 668
732 172
732 95
733 312
734 182
734 41
734 27
734 316
735 708
735 340
735 142
736 129
736 2
736 83
736 14
736 671
737 51
738 288
738 19
738 307
738 25
738 511
739 466
739 500
739 133
739 37
739 421
740 550
740 264
740 60
740 78
740 671
741 109
742 51
742 169
743 97
743 145
743 89
743 475
743 510
744 160
744 5
744 342
744 134
744 348
744 62
745 3
745 22
745 568
745 140
746 528
746 2
746 312
746 106
746 46
746 79
747 273
747 209
747 197
747 383
748 593
748 141
749 312
749 379
750 0
750 1
751 422
751 89
751 715
752 576
752 5
752 69
752 200
752 90
753 15
754 594
755 96
755 353
755 5
755 518
755 350
755 558
756 120
756 73
756 457
756 11
756 14
756 319
757 1
757 19
757 533
757 263
757 151
757 719
758 548
758 5
758 284
758 95
759 594
759 40
759 670
759 15
760 372
760 726
760 343
760 141
761 3
761 501
761 54
761 14
762 444
762 654
763 229
764 146
764 51
764 403
764 4
764 87
765 209
765 307
765 20
765 358
765 95
766 146
766 436
766 281
766 457
767 5
768 350
769 133
769 54
769 30
769 79
770 710
770 42
771 229
771 73
771 171
771 92
771 14
772 4
772 405
772 8
773 1
773 209
773 183
773 511
774 7
774 524
775 0
775 274
775 292
775 378
776 1
776 214
776 345
776 14
776 687
777 209
777 217
777 413
777 542
778 640
778 144
778 5
779 0
779 193
779 509
780 480
780 7
780 139
780 157
781 194
782 546
782 278
782 550
782 745
782 507
782 127
783 42
783 652
784 15
785 32
785 48
785 644
785 104
785 713
785 409
786 544
786 227
786 117
786 89
786 345
786 79
787 192
787 258
787 43
787 732
787 95
788 146
789 113
789 609
790 117
790 7
790 170
791 417
791 99
791 119
791 141
792 656
792 464
792 185
792 765
793 279
793 651
793 364
793 287
794 373
794 183
794 120
794 92
794 159
795 257
796 3
796 421
796 261
796 783
796 223
796 607
797 117
798 71
798 56
798 12
798 302
798 254
798 15
799 259
799 299
799 44
799 638
800 357
800 149
800 215
800 9
800 444
800 15
801 593
802 294
802 430
803 35
803 5
803 54
803 269
804 193
804 51
804 27
804 652
805 5
805 456
806 1
806 34
806 629
806 72
806 42
806 190
807 416
807 25
807 44
807 430
807 319
807 415
808 242
808 83
808 789
809 1
809 419
810 290
810 340
810 442
810 43
810 15
811 1
811 34
811 83
811 312
811 413
812 6
813 486
813 811
814 546
814 246
814 329
814 43
814 413
814 158
815 3
815 611
815 740
815 183
815 411
815 14
816 339
816 22
816 109
817 134
817 358
817 312
817 10
818 740
818 335
819 19
819 614
819 41
820 2
820 8
820 222
820 14
820 447
821 594
821 21
821 214
821 56
821 110
821 591
822 804
822 89
822 444
822 15
823 15
824 32
824 68
824 5
824 14
825 14
825 62
826 448
826 392
826 506
827 5
827 358
828 242
828 290
828 100
828 630
828 158
828 334
829 81
829 788
829 484
829 214
829 713
829 76
830 68
830 37
830 263
830 8
830 524
830 606
831 420
831 120
832 21
832 24
832 317
833 50
833 278
833 374
833 363
833 382
833 239
834 278
834 263
834 24
835 61
836 212
836 73
837 468
837 729
837 793
837 14
838 99
838 662
838 439
838 793
838 347
838 779
839 33
839 83
839 212
839 263
839 71
839 8
840 1
840 2
840 18
840 37
840 316
840 541
841 288
842 288
842 104
842 185
842 762
843 33
843 241
843 242
844 556
845 471
846 370
846 137
847 688
847 1
847 419
847 442
848 546
848 565
848 12
849 2
849 666
849 491
849 300
849 668
850 482
850 776
850 250
850 461
851 3
851 7
851 684
851 318
851 271
851 31
852 544
852 49
852 83
852 20
852 201
853 257
853 106
854 120
854 24
854 346
854 764
854 45
855 51
855 41
856 67
857 674
857 21
857 5
857 284
858 437
858 89
858 557
858 15
859 500
859 581
859 185
859 172
860 89
860 76
860 62
860 591
861 308
861 22
861 94
861 783
862 225
862 145
862 343
863 1
863 150
863 285
863 670
863 575
864 176
865 576
865 810
866 1
866 230
866 190
867 37
867 326
867 22
867 14
867 542
868 32
868 37
868 5
869 313
869 539
869 829
869 717
869 15
870 290
870 315
871 3
871 755
871 22
871 76
871 797
872 1
873 852
873 36
874 500
874 4
874 20
874 212
874 54
874 745
875 465
875 307
875 24
875 670
875 239
876 304
877 353
877 786
877 3
877 362
877 285
878 481
878 405
879 320
879 833
879 1
879 373
879 7
879 8
880 833
880 50
880 518
881 382
882 96
882 20
882 453
883 256
883 182
884 405
884 793
884 25
885 554
885 92
885 14
886 720
886 688
886 37
886 264
886 715
886 860
887 48
887 242
887 4
887 587
887 253
888 760
888 89
888 108
888 413
889 2
889 7
889 760
889 31
890 318
891 48
891 865
891 131
891 127
892 626
892 249
892 157
893 180
893 857
893 155
894 576
894 290
894 19
894 308
894 7
894 141
895 608
895 50
895 114
895 99
895 395
896 724
896 13
896 222
897 157
898 140
898 542
898 15
899 368
899 259
900 259
900 4
900 373
900 587
901 0
901 580
901 231
901 8
901 56
902 854
902 89
902 778
902 316
902 477
902 141
903 27
904 0
904 122
904 12
905 83
905 884
905 453
905 41
905 875
905 14
906 211
906 534
907 209
907 372
907 360
907 46
908 25
908 332
909 34
909 190
909 15
910 133
910 31
911 110
911 350
912 342
912 471
912 218
913 772
913 5
913 21
913 200
913 345
913 333
914 146
915 82
915 167
915 139
915 588
915 508
915 413
916 529
916 134
916 316
917 785
917 307
917 636
918 325
918 13
919 372
919 166
919 774
919 841
919 13
920 481
920 3
920 20
920 15
921 387
921 51
921 357
921 360
921 588
922 192
922 209
922 821
922 252
922 109
922 14
923 2
923 54
923 24
923 302
924 672
924 726
924 583
924 793
924 74
924 15
925 923
925 171
925 172
926 215
926 471
927 533
927 871
927 761
927 858
927 140
928 39
928 44
928 622
928 319
929 416
929 83
929 7
929 297
929 604
929 191
930 1
930 2
930 84
930 426
931 209
931 21
931 847
932 18
932 884
932 262
932 538
932 299
932 351
933 209
933 467
933 22
933 605
933 190
934 365
935 98
935 389
935 104
935 394
935 922
935 91
936 1
936 837
936 636
936 924
937 576
937 4
937 246
937 919
937 104
937 31
938 1
938 829
939 4
939 662
939 553
939 431
940 288
940 802
940 867
940 499
940 173
941 178
941 419
941 19
941 6
941 568
942 0
942 305
942 51
942 87
942 76
943 65
943 712
943 171
943 189
944 257
944 14
945 20
945 186
946 129
947 424
947 541
948 145
948 223
949 208
949 629
949 234
949 510
950 1
950 21
950 165
950 814
951 760
951 233
951 42
951 940
951 397
951 639
952 97
952 706
952 840
952 154
952 381
953 673
953 277
953 951
953 78
954 593
954 197
954 937
955 225
955 566
955 855
955 859
956 478
957 643
957 436
957 519
957 41
957 204
958 16
958 924
959 949
960 51
960 69
960 453
960 393
961 273
961 424
961 122
961 652
961 222
962 614
962 718
963 728
964 8
964 122
964 43
964 365
964 687
964 927
965 904
965 238
965 14
966 436
966 295
966 442
966 507
967 146
967 2
967 759
967 666
967 620
967 589
968 30
969 401
969 405
969 389
969 456
969 793
970 48
970 1
970 84
970 5
970 12
970 95
971 965
971 22
971 407
971 679
972 23
972 554
972 319
973 320
973 21
974 1
974 41
974 606
975 483
975 20
976 0
976 33
976 117
976 535
976 41
976 28
977 36
977 538
977 799
978 19
978 757
978 477
979 303
980 435
981 48
981 951
981 9
982 65
982 539
982 157
983 80
983 35
983 564
983 21
983 24
984 71
984 782
985 84
985 743
985 42
985 238
986 208
987 4
987 581
987 86
987 315
987 508
987 255
988 528
988 1
988 441
989 633
990 48
990 642
990 133
990 297
990 524
990 156
991 64
991 83
991 56
991 922
991 316
991 46
992 49
992 50
992 471
992 568
992 747
992 558
993 3
993 719
994 324
995 32
995 8
995 746
995 413
996 435
996 458
997 1
997 4
997 292
997 681
997 793
997 202
998 208
998 46
999 73
1000 340
1001 917
1001 776
1002 785
1002 308
1002 521
1002 154
1002 109
1002 751
1003 192
1003 583
1003 551
1003 536
1003 94
1003 159
1004 112
1004 20
1004 152
1004 698
1004 460
1004 190
1005 831
1006 229
1006 744
1006 328
1006 172
1006 12
1007 929
1007 585
1007 108
1008 963
1008 372
1009 49
1009 99
1009 56
1009 572
1010 0
1010 676
1010 4
1010 283
1011 340
1011 54
1011 11
1012 950
1013 468
1013 710
1013 423
1014 850
1014 739
1014 707
1014 696
1014 43
1014 830
1015 208
1015 147
1015 5
1015 550
1016 99
1016 565
1016 21
1016 124
1017 3
1017 259
1017 807
1017 633
1018 218
1019 533
1019 314
1019 860
1019 140
1019 158
1020 274
1020 442
1021 230
1021 56
1021 12
1022 178
1022 404
1022 951
1022 266
1022 559
1023 499
